data/temperature42.txt
ncols        476
nrows        235
xllcorner    669276.363999999943
yllcorner    6860008.923999999650
cellsize     2.000000000000
NODATA_value  -9999
[rows 93 to 123 of 235, columns 210 to 279 of 476]
18.91 18.91 18.91 18.91 18.91 18.91 18.91 18.91 18.91 18.91 18.92 18.92 18.92 18.92 18.91 18.92 18.92 18.92 18.92 18.92 18.32 18.32 18.32 18.32 18.23 18.36 18.36 18.36 18.36 18.25 18.41 18.41 18.41 18.31 18.30 18.44 18.44 18.44 18.32 18.32 18.48 18.48 18.34 18.33 18.33 18.50 18.50 18.37 18.36 18.36 18.51 18.37 18.37 18.36 18.36 18.18 18.41 18.41 18.41 18.41 18.29 18.38 18.38 17.53 17.53 17.08 17.06 17.06 17.06 17.06
18.91 18.91 18.28 18.28 18.28 17.81 18.06 18.06 18.06 17.75 18.26 18.26 18.26 18.26 18.18 18.22 18.31 18.31 18.22 18.22 18.22 18.32 18.32 18.23 18.23 18.23 18.36 18.28 18.28 18.25 18.25 18.41 18.31 18.31 18.30 18.30 18.10 18.32 18.32 18.32 18.32 18.12 18.34 18.34 18.33 18.14 18.14 18.37 18.36 18.36 18.25 18.25 18.37 18.36 18.18 18.18 18.18 18.18 18.29 18.29 18.29 18.29 18.29 17.22 17.22 17.08 17.06 17.06 17.06 16.98
18.09 18.17 18.28 18.28 18.21 17.81 17.81 18.06 17.75 17.75 18.17 18.17 18.18 18.18 18.18 18.22 18.22 18.22 18.22 18.22 18.22 18.11 18.11 18.23 18.23 18.23 18.06 18.06 18.28 18.25 18.07 18.07 18.07 18.31 18.30 18.10 18.10 18.10 18.32 18.12 18.12 18.12 18.12 18.34 18.14 17.31 17.31 17.31 17.17 17.30 17.30 17.30 17.30 17.35 17.35 17.35 17.35 17.17 17.24 17.39 17.39 17.24 17.24 17.16 17.22 17.08 17.08 17.06 16.98 16.98
18.09 18.09 18.17 18.11 18.11 17.81 17.54 17.54 17.75 17.75 18.17 18.11 18.11 18.11 18.18 18.22 18.15 18.15 18.15 18.22 18.11 18.11 18.11 18.11 18.23 18.06 18.06 18.06 17.32 17.33 17.33 17.33 17.33 17.33 17.31 17.31 17.31 17.31 17.18 17.32 17.32 17.32 17.32 17.17 17.17 17.31 17.31 17.31 17.17 17.30 17.30 17.30 17.30 17.19 17.35 17.35 17.17 17.17 17.13 17.24 17.24 17.24 17.16 17.16 17.16 17.08 17.00 17.00 16.96 16.98
18.09 18.09 18.17 18.11 18.02 18.02 17.54 17.48 17.48 17.48 18.11 17.33 17.33 17.33 17.19 17.30 17.30 17.30 17.30 17.19 17.32 17.32 17.32 17.32 17.19 17.32 17.32 17.32 17.32 17.18 17.33 17.33 17.33 17.18 17.18 17.31 17.31 17.31 17.18 17.19 17.19 17.32 17.32 17.17 17.17 17.17 17.31 17.31 17.17 17.17 17.30 17.30 17.19 17.19 17.35 17.17 17.17 17.13 17.13 17.24 17.11 17.11 17.04 17.04 17.04 16.97 17.00 17.00 16.96 16.96
18.12 18.09 18.09 18.02 18.02 18.02 17.35 17.21 17.30 17.21 17.33 17.33 17.33 17.19 17.19 17.19 17.30 17.30 17.30 17.19 17.19 17.32 17.32 17.19 17.19 17.19 17.32 17.32 17.18 17.18 17.18 17.33 17.33 17.18 17.18 17.18 17.31 17.18 17.18 17.19 17.19 17.19 17.17 17.17 17.17 17.17 17.17 17.17 17.17 17.17 17.17 17.30 17.19 17.05 17.05 17.05 17.17 17.13 17.13 17.13 17.04 17.04 17.04 17.04 16.97 16.97 17.00 16.96 16.96 16.96
18.12 18.01 18.01 18.01 18.01 18.01 17.21 17.21 17.30 17.21 17.21 17.33 17.19 17.19 17.19 17.19 17.19 17.30 17.30 17.19 17.19 17.19 17.32 17.19 17.19 17.19 17.19 17.32 17.18 17.18 17.18 17.18 17.33 17.18 17.18 17.18 17.31 17.18 17.18 17.18 17.06 17.06 17.06 17.17 17.17 17.17 17.17 17.04 17.05 17.05 17.05 17.05 17.05 17.05 17.05 17.05 16.98 17.76 17.76 17.76 16.97 17.04 17.04 17.04 16.97 16.97 16.97 16.96 16.91 16.91
17.16 17.16 17.19 17.19 17.14 17.14 17.14 17.14 17.11 17.11 17.11 17.08 17.19 17.19 17.19 17.19 17.19 17.19 17.30 17.19 17.05 17.05 17.05 17.07 17.07 17.07 17.07 17.04 17.07 17.07 17.07 17.07 17.06 17.07 17.07 17.07 17.03 17.85 17.85 17.84 17.06 17.06 17.06 17.06 17.06 17.04 17.04 17.04 17.04 17.05 17.05 17.00 17.00 17.00 17.05 17.05 16.98 17.79 17.76 17.77 16.97 16.97 16.97 16.91 16.91 16.91 16.91 16.90 16.91 16.91
17.16 17.16 17.09 17.09 17.09 17.14 17.07 17.07 17.06 17.11 17.11 17.08 17.08 17.86 17.87 17.87 17.87 17.87 17.86 17.05 17.05 17.05 17.04 17.04 17.07 17.07 17.04 17.04 17.05 17.05 17.07 17.07 17.06 17.06 17.07 17.03 17.03 17.84 17.85 17.84 17.02 17.06 17.06 17.02 17.02 17.00 17.00 17.04 17.04 17.05 17.00 17.00 17.00 17.00 17.00 16.98 16.98 17.79 17.79 17.77 16.97 16.97 16.92 16.92 16.91 16.91 16.90 16.90 16.90 16.91
17.87 17.86 17.88 17.88 17.88 17.88 17.03 17.07 17.06 17.06 17.11 17.04 17.04 17.04 17.86 17.86 17.86 17.86 17.86 17.03 17.05 17.05 17.04 17.04 17.07 17.04 17.04 17.04 17.05 17.05 17.05 17.01 17.06 17.06 17.03 17.03 17.03 17.84 17.83 17.84 17.02 17.02 17.00 17.02 17.02 17.00 17.00 17.00 17.04 17.00 17.00 17.00 17.00 17.00 16.97 16.97 16.98 17.79 17.79 17.77 16.97 16.92 16.92 16.92 16.91 16.91 16.90 16.90 16.90 16.90
17.86 17.86 17.86 17.88 17.88 17.88 17.03 17.03 17.02 17.02 17.01 17.04 17.04 17.04 17.86 17.84 17.84 17.86 17.86 17.03 17.03 17.05 17.04 17.04 17.02 17.01 17.04 17.04 17.05 17.01 17.01 17.01 17.01 17.01 17.00 17.03 17.03 17.84 17.83 17.84 17.02 17.00 17.00 17.00 17.02 17.00 16.99 16.99 16.99 16.98 16.98 17.00 17.00 17.00 16.97 16.97 16.97 17.79 17.79 17.79 16.97 16.92 16.92 16.92 16.92 16.91 16.90 16.90 16.90 16.90
17.86 17.86 17.86 17.86 17.88 17.88 17.03 17.01 17.01 17.02 17.01 17.01 17.01 17.04 17.84 17.84 17.84 17.84 17.86 17.03 17.03 17.03 17.02 17.02 17.02 17.01 17.01 17.01 17.00 17.01 17.01 17.01 17.01 17.00 17.00 17.00 17.00 17.83 17.83 17.83 17.00 17.00 17.00 17.00 17.00 17.00 16.99 16.99 16.99 16.98 16.98 16.98 16.98 16.96 16.96 16.96 16.96 17.99 17.89 17.89 16.94 16.94 16.94 16.94 16.92 16.90 16.90 16.90 16.90 16.89
17.86 17.86 17.86 17.86 17.86 17.86 17.01 17.01 17.01 17.01 17.01 17.01 17.01 17.01 17.02 17.02 17.02 17.02 17.01 17.02 17.02 17.01 17.01 17.01 17.02 17.01 17.00 17.00 17.00 17.00 17.00 17.00 17.01 17.00 17.00 17.01 17.01 17.88 17.88 17.88 17.01 17.00 17.00 17.00 17.00 17.00 17.00 16.99 16.99 16.98 16.98 16.98 16.98 16.99 16.96 16.96 16.96 17.99 17.89 17.98 16.94 16.94 16.94 16.94 16.93 16.91 16.91 16.90 16.90 16.89
16.99 17.00 17.01 17.01 17.01 17.01 17.01 17.00 17.00 17.00 17.01 17.01 17.01 17.02 17.02 17.02 17.02 17.02 17.01 17.02 17.02 17.01 17.01 17.01 17.01 17.01 17.00 17.00 17.00 17.00 17.00 17.00 17.02 17.03 17.01 17.01 17.01 17.96 17.88 17.97 17.01 17.01 17.01 17.00 17.00 17.00 17.00 17.00 16.99 16.98 16.98 16.98 16.98 16.99 16.99 16.96 16.96 17.99 17.99 17.98 17.98 16.94 16.94 16.93 16.93 16.91 16.91 16.91 16.91 16.93
17.00 17.00 17.00 17.01 17.01 17.01 17.01 17.00 17.00 17.00 17.02 17.01 17.01 17.02 17.02 17.02 17.02 17.01 17.01 17.01 17.01 17.01 17.01 17.01 17.01 17.01 17.01 17.01 17.00 17.02 17.02 17.02 17.02 17.03 17.03 17.01 17.01 17.96 17.96 17.97 17.01 17.01 17.01 17.01 17.00 17.00 17.02 17.02 17.02 17.02 16.98 16.98 16.98 16.99 16.99 16.99 16.96 16.96 18.02 18.02 17.98 16.94 16.93 16.93 16.93 16.91 16.91 16.93 16.93 16.93
17.00 17.00 17.00 17.00 17.01 17.01 17.01 17.01 17.00 17.02 17.02 17.02 17.01 17.02 17.02 17.02 17.01 17.05 17.05 17.05 17.03 17.03 17.03 17.01 17.01 17.01 17.01 17.01 17.04 17.02 17.02 17.02 17.02 17.03 17.03 17.03 17.01 17.96 18.04 18.04 17.01 17.01 17.01 17.04 17.04 17.02 17.02 17.02 17.02 17.02 17.02 16.98 16.98 16.99 16.99 16.99 16.99 16.96 18.02 18.02 17.98 16.93 16.93 16.93 16.93 16.91 16.93 16.93 16.93 16.93
17.00 17.00 17.00 17.00 17.00 17.01 17.01 17.01 17.01 17.02 17.02 17.05 17.07 17.04 17.04 17.04 17.06 17.05 17.05 17.05 17.05 17.03 17.03 17.04 17.04 17.01 17.04 17.04 17.04 17.04 17.04 17.02 17.03 17.03 17.03 17.03 17.03 17.96 18.04 18.04 17.01 17.04 17.04 17.04 17.07 17.07 17.02 17.02 17.02 17.02 17.02 17.02 17.08 17.04 17.04 17.04 17.04 17.07 18.07 18.07 18.08 16.97 16.97 16.97 16.97 16.99 16.97 16.97 16.93 16.93
17.03 17.00 17.00 17.00 17.06 17.06 17.05 17.05 17.05 17.05 17.05 17.05 17.07 17.04 17.04 17.06 17.06 17.06 17.05 17.05 17.05 17.05 17.04 17.04 17.08 17.08 17.04 17.04 17.04 17.04 17.04 17.08 17.10 17.08 17.08 17.08 17.08 17.12 18.07 18.07 18.11 17.04 17.04 17.04 17.07 17.07 17.07 17.02 17.02 17.02 17.08 17.08 17.08 17.08 17.04 17.04 17.07 17.07 18.09 18.07 18.08 17.01 16.97 16.97 16.97 16.99 16.97 16.97 16.97 16.97
17.03 17.03 17.06 17.06 17.06 17.06 17.05 17.05 17.08 17.08 17.05 17.07 17.07 17.07 17.04 17.06 17.06 17.06 17.06 17.05 17.05 17.05 17.11 17.08 17.08 17.08 17.08 17.08 17.04 17.08 17.08 17.08 17.10 17.08 17.08 17.08 17.12 17.12 18.07 18.07 18.11 17.11 17.11 17.04 17.07 17.07 17.07 17.07 17.08 17.08 17.08 17.08 17.08 17.08 17.08 17.04 17.07 17.07 18.09 18.08 18.08 17.01 17.01 16.97 16.99 16.99 16.97 16.97 16.97 16.97
17.03 17.07 17.10 17.10 17.06 17.06 17.05 17.08 17.08 17.08 17.05 17.07 17.07 17.07 17.06 17.06 18.10 18.10 18.10 17.08 17.08 17.08 17.11 17.11 17.08 17.08 17.08 17.17 17.19 17.08 17.08 17.08 17.10 17.10 17.08 17.12 17.12 17.12 18.11 18.11 18.11 17.11 17.11 17.20 17.17 17.17 17.17 17.20 17.18 17.18 17.08 17.08 17.08 17.08 17.16 17.16 17.07 17.07 18.09 18.10 18.08 17.01 17.01 17.04 16.99 16.99 16.97 16.97 16.97 16.97
17.07 17.07 17.10 17.10 17.10 17.10 17.05 17.08 17.08 17.08 17.08 17.15 17.15 17.15 18.13 18.10 18.10 18.10 18.12 17.17 17.17 17.08 17.11 17.11 17.11 17.08 17.17 17.17 17.19 17.19 17.08 17.10 17.10 17.20 17.20 17.12 17.12 17.12 18.11 18.16 18.11 17.11 17.20 17.20 17.17 17.17 17.17 17.20 17.20 17.18 17.18 17.18 17.08 17.16 17.16 17.16 17.13 17.07 18.10 18.10 18.10 17.01 17.04 17.04 17.00 17.00 17.01 16.97 16.97 16.97
17.07 17.07 17.10 17.10 17.10 17.10 17.21 17.18 17.18 17.18 17.21 17.21 17.15 17.15 18.13 18.13 18.13 18.12 18.12 17.17 17.17 17.17 17.20 17.20 17.20 17.17 17.17 17.17 17.19 17.19 17.19 17.30 17.20 17.20 17.20 17.20 17.20 17.12 18.16 18.16 18.16 17.20 17.20 17.20 17.20 17.17 17.20 17.20 17.20 17.18 17.18 17.18 17.32 17.16 17.16 17.16 17.13 17.13 17.19 17.19 17.19 17.12 17.04 17.04 17.00 17.01 17.01 16.99 16.99 16.99
17.07 17.07 17.10 17.10 17.20 17.20 17.21 17.21 17.18 17.18 17.21 17.21 17.21 17.15 18.13 18.13 18.14 18.14 18.12 17.17 17.17 17.23 17.20 17.20 17.25 17.25 17.17 17.17 17.19 17.28 17.28 17.30 17.30 17.20 17.20 17.20 17.20 17.34 17.28 17.28 17.36 17.33 17.33 17.33 17.20 17.20 17.20 17.20 17.20 17.18 17.32 17.32 17.32 17.32 17.32 17.16 17.24 17.24 17.24 17.19 17.12 17.12 17.12 17.12 17.01 17.01 17.01 16.99 16.99 16.99
17.17 17.17 17.10 17.20 17.20 17.20 17.21 17.21 17.21 17.18 17.21 17.21 17.21 17.21 18.13 18.14 18.14 17.33 17.33 17.39 17.23 17.23 17.23 17.20 17.25 17.25 17.25 17.17 17.28 17.28 17.28 17.30 17.30 17.30 17.34 17.34 17.34 17.36 17.36 17.28 17.36 17.33 17.33 17.33 17.45 17.51 17.37 17.37 17.37 17.50 17.32 17.32 17.32 17.32 17.32 17.49 17.38 17.38 17.38 17.38 17.19 17.19 17.19 17.11 17.11 17.01 17.01 16.99 16.99 16.99
17.17 17.39 17.39 17.38 17.20 17.20 17.21 17.21 17.21 17.21 17.35 17.35 17.35 17.35 17.38 17.33 17.33 17.33 17.46 17.46 17.39 17.39 17.39 17.43 17.43 17.43 17.43 17.56 17.46 17.46 17.28 17.30 17.46 17.46 17.46 17.46 17.34 17.36 17.49 17.48 17.48 17.48 17.45 17.45 17.45 17.51 17.51 17.37 17.37 17.50 17.50 17.32 17.32 17.32 17.32 17.49 17.49 17.38 17.38 17.38 17.38 17.19 17.19 17.11 17.11 17.11 17.11 16.99 16.99 16.99
17.39 17.39 17.39 17.38 17.38 17.38 17.41 17.41 17.41 17.41 17.42 17.42 17.35 17.35 17.38 17.38 17.33 17.33 17.46 17.46 17.39 17.39 17.58 17.58 17.43 17.43 17.56 17.56 17.46 17.46 17.46 17.59 17.46 17.46 17.46 17.46 17.58 17.49 17.49 17.48 17.48 17.58 17.58 17.45 17.51 17.51 17.51 17.51 17.37 17.50 17.50 17.50 17.32 17.32 17.49 17.49 17.49 17.49 17.38 17.38 17.38 17.38 17.38 18.05 18.05 18.05 18.05 18.05 17.07 16.99
17.39 17.39 17.39 17.38 17.38 17.56 17.56 17.41 17.41 17.52 17.52 17.42 17.42 17.59 17.53 17.53 17.53 17.46 17.46 17.46 17.39 17.58 17.58 17.58 17.43 17.43 17.56 17.56 17.56 17.46 17.59 17.59 17.59 17.46 17.46 17.58 17.58 17.58 17.49 17.48 17.58 17.58 17.58 17.45 17.51 17.51 17.51 17.51 17.50 18.29 18.29 18.29 18.29 18.30 18.19 18.19 18.19 18.27 18.25 18.10 18.10 18.10 18.09 18.05 18.05 18.05 18.05 18.05 17.07 17.07
17.55 17.39 17.39 17.38 17.38 17.56 17.56 17.41 17.41 17.52 17.52 17.42 17.59 17.59 17.53 17.53 17.62 17.62 17.46 17.46 17.39 17.58 17.58 17.58 17.43 17.56 17.56 17.56 17.56 17.59 17.59 17.59 17.59 17.59 17.58 18.34 18.34 18.34 18.37 18.32 18.32 18.32 18.32 18.36 18.36 18.31 18.31 18.36 18.35 18.35 18.29 18.29 18.33 18.30 18.30 18.19 18.27 18.27 18.25 18.25 18.25 18.09 18.09 18.07 18.05 18.12 18.05 18.05 17.07 17.07
17.55 17.55 17.55 17.38 17.56 17.56 17.56 17.56 17.52 17.73 17.73 17.85 17.76 17.76 17.59 17.62 17.62 17.62 17.62 17.46 18.36 18.36 18.36 18.36 18.40 18.35 18.35 18.35 18.39 18.39 18.35 18.35 18.35 18.38 18.38 18.34 18.34 18.37 18.37 18.37 18.37 18.32 18.36 18.36 18.36 18.36 18.36 18.36 18.35 18.35 18.40 18.33 18.33 18.30 18.30 18.41 18.27 18.27 18.25 18.25 18.34 18.34 18.27 18.20 18.17 18.09 18.09 18.05 17.07 17.07
18.41 18.41 18.41 18.44 18.37 18.37 18.37 18.43 18.00 17.73 17.73 17.85 17.76 17.76 18.00 18.41 18.37 18.37 18.41 18.41 18.41 18.36 18.36 18.40 18.40 18.40 18.35 18.39 18.39 18.39 18.39 18.39 18.38 18.38 18.38 18.38 18.43 18.37 18.37 18.37 18.41 18.41 18.36 18.36 18.36 18.40 18.40 18.36 18.35 18.40 18.40 18.40 18.40 18.30 18.41 18.41 18.41 18.41 18.34 18.34 15.72 15.72 15.72 18.27 17.66 17.66 17.66 17.38 17.07 17.07
18.41 18.41 18.46 18.46 18.44 18.44 18.43 18.43 18.00 18.00 18.04 18.04 18.17 18.00 18.00 18.41 18.41 18.47 18.41 18.41 18.41 18.46 18.46 18.40 18.40 18.40 18.44 18.44 18.39 18.39 18.43 18.43 18.43 18.38 18.38 18.43 18.43 18.43 18.43 18.41 18.41 18.41 15.79 15.79 15.76 15.76 15.76 15.76 15.76 15.74 15.74 15.74 15.74 15.73 15.72 15.72 15.72 15.72 15.72 15.72 15.72 15.72 15.69 18.12 18.12 17.66 17.38 17.38 17.19 17.19
