data/temperature42.txt
ncols        476
nrows        235
xllcorner    669276.363999999943
yllcorner    6860008.923999999650
cellsize     2.000000000000
NODATA_value  -9999
[rows 155 to 185 of 235, columns 140 to 209 of 476]
16.16 16.16 16.16 16.16 16.16 16.23 19.58 19.52 19.37 19.20 19.25 19.20 18.87 18.87 18.88 18.88 18.88 18.71 18.71 18.70 18.70 18.70 18.68 18.69 18.69 18.69 18.65 18.46 18.46 18.46 18.46 17.96 18.77 18.77 18.77 17.71 17.71 17.71 18.53 18.55 18.55 18.55 18.55 18.55 18.50 18.50 18.50 18.50 18.50 18.50 18.50 18.50 18.50 18.50 18.50 18.50 18.50 18.53 18.53 18.57 18.57 18.73 18.73 18.73 18.08 18.22 18.22 18.57 18.57 19.34
16.16 16.16 16.16 16.16 16.23 16.23 16.23 19.52 19.47 19.25 19.20 19.20 19.20 18.87 18.88 18.88 18.88 18.88 18.70 18.70 19.27 19.27 19.16 19.16 19.16 19.16 19.24 19.00 19.00 19.00 19.00 18.78 18.77 18.77 18.66 17.77 17.71 17.71 18.53 18.53 18.55 18.55 18.55 18.55 18.55 18.50 18.50 18.50 18.50 18.50 18.50 18.50 18.50 18.50 18.50 18.50 18.50 18.53 18.53 18.57 18.57 18.62 18.62 18.73 18.22 18.22 18.22 18.22 19.34 19.34
16.25 16.25 16.25 16.27 16.26 16.23 16.23 16.23 19.56 19.48 19.48 19.48 19.48 19.50 19.35 19.35 19.35 19.47 19.27 19.27 19.27 19.27 19.33 19.16 19.16 19.16 19.24 19.13 19.13 19.00 18.78 18.78 18.78 18.66 18.66 17.77 17.77 17.68 18.53 18.53 18.53 18.55 18.55 18.55 18.55 18.55 18.50 18.50 18.50 18.50 18.50 18.50 18.50 18.50 18.50 18.50 18.53 18.53 18.53 18.53 18.62 18.62 18.66 18.66 18.20 18.20 18.20 18.20 15.92 15.92
18.82 16.25 16.25 16.27 16.26 16.26 16.26 16.26 19.56 19.66 19.48 19.48 19.50 19.52 19.35 19.35 19.35 19.47 19.27 19.27 19.27 19.33 19.33 19.16 19.16 19.24 19.24 19.13 19.13 19.13 18.80 18.80 18.80 18.70 18.66 17.77 17.74 17.74 17.68 18.53 18.53 18.53 18.55 18.55 18.55 18.55 18.55 18.45 18.50 18.50 18.50 18.50 18.50 18.44 18.44 18.44 18.46 18.46 18.46 18.46 18.60 18.66 18.66 18.66 18.05 18.20 18.20 18.82 15.91 15.92
18.82 16.25 16.25 16.27 16.27 16.26 16.26 16.25 16.25 19.56 19.66 19.60 19.52 19.52 19.35 19.35 19.47 19.47 19.47 19.27 19.33 19.33 19.33 19.16 19.24 19.24 19.24 19.13 19.13 19.31 19.31 18.80 18.70 18.70 18.70 18.66 17.74 17.74 17.68 18.53 18.53 18.43 18.43 18.50 18.50 18.50 18.50 18.42 18.45 18.45 18.45 18.45 18.38 18.44 18.44 18.44 18.46 18.46 18.46 18.50 18.50 18.60 18.66 18.66 18.05 18.14 18.47 18.82 15.91 15.91
18.53 18.53 16.27 16.27 16.27 16.27 16.25 16.25 16.25 19.56 19.65 19.60 19.63 19.52 19.35 19.47 19.47 19.47 19.47 19.27 19.33 19.33 19.33 19.16 19.24 19.24 19.24 19.24 19.31 19.31 19.31 19.31 18.73 18.73 18.73 18.69 17.70 17.70 17.62 18.43 18.43 18.43 18.43 18.37 18.37 18.50 18.50 18.42 18.45 18.45 18.45 18.39 18.38 18.38 18.38 18.44 18.44 18.46 18.50 18.50 18.50 18.60 18.60 18.62 18.14 18.14 18.47 18.47 15.89 15.89
18.53 18.71 18.71 16.21 16.21 16.21 16.14 16.14 16.25 16.25 19.68 19.70 19.70 19.70 19.52 19.47 15.99 15.99 15.99 15.94 15.94 15.94 15.94 15.91 15.90 15.90 15.90 15.89 15.87 15.87 15.87 15.86 19.01 18.73 18.73 18.69 17.80 17.70 17.62 18.43 18.43 18.43 18.43 18.37 18.37 18.37 18.42 18.42 18.42 18.45 18.39 18.39 18.38 18.38 18.38 18.38 18.44 18.50 18.50 18.49 18.49 18.55 18.62 18.62 17.99 17.99 18.75 18.75 15.86 15.86
18.53 18.71 18.71 16.21 16.21 16.18 16.18 16.14 16.14 16.14 16.08 16.05 16.05 16.05 16.00 15.99 15.99 15.99 15.95 15.95 15.94 15.94 15.91 15.91 15.91 15.90 15.90 15.89 15.89 15.87 15.86 15.86 19.01 19.01 18.69 18.69 17.80 17.62 17.62 18.43 18.43 18.43 18.43 18.37 18.37 18.31 18.27 18.27 18.27 18.23 18.39 18.39 18.39 18.38 18.38 18.28 18.28 18.30 18.49 18.49 18.49 18.55 18.55 18.62 17.99 18.38 18.38 18.75 15.86 15.86
18.71 18.71 18.71 18.71 16.21 16.18 16.18 16.14 16.14 16.08 16.08 16.08 16.05 16.00 16.00 16.00 15.99 15.99 15.95 15.95 15.95 15.94 15.91 15.91 15.91 15.90 15.89 15.89 15.89 15.87 15.86 15.82 18.92 18.92 18.76 18.69 17.80 17.67 17.62 18.43 18.43 18.43 18.29 18.31 18.31 18.31 18.31 18.27 18.27 18.23 18.29 18.29 18.29 18.28 18.28 18.28 18.27 18.27 18.30 18.30 18.49 18.55 18.55 18.55 18.38 18.38 18.38 18.38 15.86 15.84
18.71 18.41 18.41 18.41 16.00 16.00 16.00 16.18 16.08 16.08 16.08 16.08 16.08 16.00 16.00 16.00 15.92 15.88 15.88 15.88 15.88 15.87 15.85 15.85 15.85 15.84 15.83 15.83 15.83 15.81 15.82 15.82 18.96 18.90 18.76 18.76 17.67 17.67 17.67 18.43 18.29 18.29 18.29 18.24 18.24 18.31 18.31 18.27 18.23 18.23 18.29 18.29 18.23 18.23 18.28 18.28 18.27 18.27 18.30 18.30 18.31 18.32 18.32 18.32 18.32 18.34 18.26 18.29 18.33 18.41
18.41 18.41 18.41 18.41 18.62 16.00 16.00 16.00 15.98 15.96 15.96 15.96 15.94 15.92 15.92 15.92 15.90 15.90 15.88 15.88 15.88 15.87 15.87 15.85 15.85 15.84 15.84 15.83 15.83 15.81 15.81 15.82 18.96 18.68 18.61 18.50 17.50 17.49 17.49 18.23 18.29 18.29 18.29 18.24 18.24 18.24 18.24 18.16 18.23 18.23 18.23 18.29 18.23 18.23 18.23 18.28 18.27 18.27 18.30 18.31 18.31 18.32 18.32 18.32 18.32 18.26 18.18 18.15 18.15 18.17
18.41 18.41 18.41 18.62 18.62 18.62 16.00 15.98 15.98 15.98 15.96 15.96 15.94 15.94 15.92 15.92 15.90 15.90 15.90 15.88 15.87 15.87 15.87 15.85 15.84 15.84 15.84 15.84 15.81 15.81 15.81 18.62 18.72 18.59 18.50 18.44 17.50 17.49 17.33 18.23 18.23 18.23 18.29 18.24 18.24 18.19 18.19 18.16 18.16 18.16 18.16 18.29 18.04 18.04 18.04 18.04 18.08 18.08 18.08 18.07 18.07 18.31 18.32 18.11 18.11 18.13 18.18 18.14 18.17 18.13
17.82 18.41 18.62 18.62 18.62 18.62 16.00 15.98 15.98 15.98 15.98 15.94 15.94 15.94 15.94 18.71 18.71 18.71 18.71 18.47 18.62 18.62 18.62 18.44 18.68 18.68 18.68 18.40 18.62 18.62 18.62 18.13 18.58 18.55 18.55 18.44 17.50 17.50 17.33 18.23 18.23 18.23 18.23 18.23 18.19 18.19 18.19 18.16 18.16 18.16 18.05 18.04 18.04 18.04 18.04 18.06 18.06 18.08 18.08 18.07 18.07 18.00 17.97 18.11 18.11 18.13 18.09 18.08 18.08 18.13
17.82 18.41 18.62 18.62 17.89 17.89 17.89 18.41 18.41 18.41 18.41 18.73 18.73 18.73 18.73 18.54 18.71 18.71 18.71 18.47 18.62 18.62 18.62 18.44 18.44 18.68 18.68 18.40 18.62 18.62 18.13 18.13 18.50 18.50 18.46 18.46 17.50 17.39 17.33 18.23 18.23 18.23 18.10 18.10 18.08 18.08 18.19 18.16 18.05 18.05 18.05 18.04 18.04 18.04 18.04 18.06 18.06 18.06 18.06 18.00 18.00 18.00 17.97 17.97 18.11 18.09 18.09 18.08 18.08 18.08
17.64 17.64 17.89 17.89 17.89 17.89 17.89 18.41 18.41 18.41 18.36 18.36 18.73 18.73 18.54 18.54 18.71 18.71 18.47 18.47 18.47 18.62 18.62 18.44 18.44 18.68 18.40 18.40 18.40 18.13 18.13 18.13 18.50 18.46 18.46 18.46 17.39 17.39 17.39 18.23 18.10 18.10 18.10 18.08 18.08 18.08 18.08 18.01 18.05 18.05 18.05 18.04 18.04 18.04 18.04 17.97 17.97 17.97 17.97 17.95 18.00 18.00 17.97 17.97 17.95 17.98 17.98 17.98 17.92 17.92
17.64 17.64 17.89 17.89 17.89 17.89 17.89 17.89 18.41 18.41 18.36 18.36 18.36 18.54 18.54 18.54 18.54 18.47 18.47 18.47 18.47 18.62 18.44 18.44 18.00 18.00 17.97 17.97 17.97 17.71 17.71 17.71 18.50 18.21 18.21 18.21 18.16 17.26 17.26 18.07 18.10 18.10 18.10 18.08 18.08 18.02 18.02 18.01 18.01 18.01 18.05 18.04 17.97 17.97 17.97 17.94 17.97 17.97 17.95 17.95 17.95 17.95 17.95 17.95 17.95 17.98 17.98 17.93 17.92 17.92
17.64 17.64 17.89 17.89 17.89 17.89 17.89 17.89 17.89 18.36 18.36 17.95 17.95 17.98 17.98 17.98 17.98 17.85 17.85 17.85 17.85 18.47 18.00 18.00 18.00 18.00 17.97 17.97 17.77 17.77 17.71 17.71 17.51 18.16 18.21 18.16 18.16 17.26 17.26 18.07 18.07 18.07 18.10 18.08 18.02 18.02 18.02 18.01 18.01 18.01 17.93 17.93 17.97 17.97 17.94 17.94 17.94 17.97 17.95 17.95 17.89 17.89 17.87 17.87 17.87 17.95 17.93 17.93 17.93 17.92
17.64 17.64 17.89 17.89 17.89 17.89 17.89 17.89 17.89 17.95 17.95 17.95 17.95 17.98 17.98 17.98 17.77 17.85 17.85 17.85 17.85 17.62 17.63 17.63 18.00 18.00 17.97 17.77 17.77 17.77 17.71 17.51 17.51 18.16 18.16 18.16 18.16 17.26 17.14 18.07 18.07 18.07 18.07 17.98 17.98 18.02 18.02 18.01 17.93 17.93 17.93 17.93 17.93 17.97 17.94 17.94 17.91 17.91 17.89 17.89 17.89 17.87 17.87 17.87 17.87 17.87 17.82 17.82 17.93 17.92
17.64 17.64 17.64 17.89 17.89 17.89 17.89 17.42 17.42 17.46 17.46 17.95 17.95 17.95 17.98 17.77 17.77 17.77 17.85 17.85 17.62 17.62 17.63 17.63 17.63 17.63 18.00 17.56 17.56 17.56 17.44 17.51 17.51 18.16 18.11 18.11 18.16 17.26 17.13 17.14 18.07 18.00 18.00 18.00 17.98 17.98 17.93 17.92 17.93 17.93 17.93 17.93 17.93 17.89 17.90 17.91 17.91 17.91 17.89 17.89 17.89 17.87 17.87 17.87 17.87 17.82 17.82 17.82 17.82 17.82
17.27 17.64 17.64 17.89 17.42 17.42 17.42 17.42 17.42 17.46 17.46 17.46 17.46 17.95 17.77 17.77 17.77 17.77 17.85 17.62 17.62 17.62 17.63 17.63 17.63 17.63 17.38 17.37 17.56 17.56 17.44 17.44 17.44 18.11 18.11 17.18 17.18 17.08 17.13 17.14 18.00 18.00 18.00 18.00 17.98 17.93 17.93 17.92 17.92 17.93 17.93 17.89 17.89 17.89 17.90 17.90 17.91 17.89 17.89 17.89 17.84 17.83 17.87 17.87 17.87 17.82 17.82 17.82 17.82 17.76
17.27 17.27 17.27 17.42 17.42 17.42 17.42 17.42 17.42 17.46 17.46 17.46 17.46 17.28 17.41 17.41 17.41 17.41 17.62 17.62 17.62 17.62 17.63 17.63 17.63 17.38 17.38 17.37 17.37 17.37 17.24 17.24 17.24 17.13 17.18 17.18 17.10 17.08 17.08 16.98 17.91 17.91 18.00 18.00 17.93 17.93 17.93 17.92 17.92 17.92 17.86 17.89 17.89 17.89 17.90 17.90 17.90 17.84 17.84 17.84 17.83 17.83 17.83 17.83 17.78 17.79 17.79 17.82 17.76 17.76
17.27 17.15 17.15 17.19 17.42 17.42 17.42 17.42 17.42 17.46 17.46 17.46 17.28 17.28 17.41 17.41 17.41 17.41 17.29 17.29 17.62 17.62 17.63 17.38 17.38 17.38 17.38 17.37 17.37 17.17 17.17 17.24 17.13 17.13 17.13 17.10 17.10 17.08 16.98 16.98 17.91 17.91 17.91 17.89 17.87 17.87 17.93 17.92 17.87 17.87 17.86 17.86 17.86 17.86 17.86 17.86 17.86 17.82 17.84 17.84 17.83 17.83 17.83 17.78 17.78 17.79 17.79 17.77 17.76 17.76
17.15 17.15 17.15 17.19 17.19 17.19 17.42 17.42 17.42 17.46 17.46 17.46 17.28 17.28 17.28 17.41 17.41 17.29 17.29 17.29 17.29 17.29 17.14 17.38 17.38 17.38 17.38 17.38 17.37 17.17 17.17 17.24 17.13 17.05 17.05 17.02 17.02 16.99 16.98 16.98 17.91 17.91 17.89 17.89 17.87 17.87 17.87 17.87 17.87 17.87 17.86 17.86 17.86 17.86 17.86 17.86 17.82 17.82 17.82 17.84 17.83 17.83 17.78 17.78 17.78 17.79 17.77 17.77 17.77 17.76
17.15 17.15 17.15 17.19 17.19 17.19 17.19 17.42 17.42 17.46 17.46 17.28 17.28 17.28 17.28 17.41 17.41 17.29 17.29 17.29 17.14 17.14 17.14 17.14 17.14 17.14 17.14 17.38 17.17 17.17 17.05 17.05 17.01 17.05 17.05 17.02 16.99 16.99 16.99 16.98 17.91 17.91 17.89 17.89 17.89 17.87 17.87 17.87 17.87 17.87 17.86 17.86 17.86 17.86 17.86 17.86 17.82 17.82 17.82 17.82 17.83 17.78 17.78 17.78 17.78 17.77 17.77 17.77 17.77 16.87
17.15 17.15 17.19 17.19 17.19 17.19 17.19 17.19 17.42 17.46 17.28 17.28 17.28 17.28 17.28 17.28 17.29 17.29 17.14 17.14 17.14 17.14 17.14 17.14 17.14 17.14 17.14 16.99 17.05 17.05 17.05 17.05 17.01 17.01 17.01 17.02 16.99 16.99 16.99 16.98 17.91 17.89 17.89 17.89 17.89 17.87 17.87 17.87 17.87 17.87 17.86 17.86 16.88 16.88 16.88 16.86 16.86 16.86 16.86 16.86 16.86 16.86 16.86 16.86 16.86 16.85 16.87 16.87 16.87 16.87
17.15 17.15 17.19 17.19 17.19 17.19 17.19 17.19 17.19 17.04 17.04 17.04 17.04 17.04 17.04 17.04 17.14 17.14 17.14 17.14 17.14 17.14 17.14 17.14 17.14 17.14 16.99 16.99 16.99 17.05 17.05 17.05 17.01 17.01 17.01 16.96 16.93 16.93 16.93 16.93 16.90 16.90 16.90 16.90 16.90 16.88 16.88 16.88 16.88 16.88 16.87 16.88 16.88 16.88 16.88 16.87 16.86 16.86 16.86 16.86 16.85 16.86 16.86 16.86 16.86 16.85 16.87 16.87 16.87 16.87
17.15 17.15 17.19 17.19 17.19 17.19 17.19 16.97 16.97 16.97 17.04 17.04 17.04 17.04 17.04 17.04 16.99 16.99 16.99 17.14 17.14 17.14 17.14 17.14 17.14 17.14 16.99 16.99 16.99 17.05 17.05 17.01 17.01 17.01 16.96 16.96 16.93 16.93 16.93 16.91 16.91 16.90 16.90 16.90 16.88 16.88 16.88 16.88 16.88 16.87 16.87 16.88 16.88 16.88 16.87 16.87 16.86 16.86 16.86 16.85 16.85 16.86 16.86 16.86 16.85 16.85 16.85 16.87 16.87 16.87
17.15 17.15 17.19 17.19 16.97 16.97 16.97 16.97 16.97 16.97 16.97 17.04 17.04 17.04 17.04 16.99 16.99 16.99 16.99 16.99 16.99 16.99 17.14 17.14 17.14 16.99 16.99 16.99 16.99 16.99 17.05 17.01 17.01 16.96 16.96 16.96 16.93 16.93 16.93 16.91 16.91 16.90 16.90 16.90 16.88 16.88 16.88 16.88 16.88 16.87 16.87 16.87 16.88 16.88 16.87 16.87 16.87 16.86 16.86 16.85 16.85 16.85 16.86 16.86 16.85 16.85 16.85 16.85 16.87 16.87
16.91 17.15 16.97 16.97 16.97 16.97 16.97 16.97 16.97 16.97 16.97 17.04 17.04 17.04 17.04 16.99 16.99 16.99 16.99 16.99 16.99 16.99 16.99 16.99 16.91 16.91 16.99 16.99 16.99 16.99 17.05 17.01 16.96 16.96 16.96 16.96 16.96 16.93 16.91 16.91 16.91 16.91 16.90 16.88 16.88 16.88 16.88 16.88 16.88 16.87 16.87 16.87 16.87 16.87 16.87 16.87 16.87 16.87 16.85 16.85 16.85 16.85 16.86 16.86 16.85 16.85 16.85 16.85 16.85 16.85
16.91 16.89 16.89 16.97 16.97 16.97 16.97 16.97 16.97 16.97 16.97 16.97 17.04 17.04 16.99 16.99 16.99 16.99 16.99 16.99 16.99 16.99 16.99 16.91 16.91 16.91 16.91 16.91 16.91 16.91 16.91 16.96 16.96 16.96 16.96 16.96 16.96 16.93 16.91 16.91 16.91 16.91 16.87 16.88 16.88 16.88 16.88 16.88 16.87 16.87 16.87 16.84 16.84 16.83 16.83 16.83 16.83 16.83 16.83 16.85 16.85 16.85 16.86 16.86 16.85 16.85 16.84 16.84 16.84 16.84
16.91 16.89 16.89 16.97 16.97 16.97 16.97 16.97 16.97 16.97 16.97 16.97 17.04 17.04 16.99 16.99 16.99 16.99 16.99 16.99 16.99 16.99 16.91 16.91 16.91 16.91 16.91 16.91 16.91 16.91 16.87 16.88 16.88 16.88 16.88 16.88 16.88 16.87 16.87 16.87 16.87 16.87 16.87 16.86 16.86 16.86 16.86 16.88 16.84 16.84 16.84 16.84 16.84 16.83 16.83 16.83 16.83 16.82 16.83 16.83 16.83 16.83 16.85 16.85 16.84 16.84 16.84 16.84 16.84 16.84
