data/temperature42.txt
ncols        476
nrows        235
xllcorner    669276.363999999943
yllcorner    6860008.923999999650
cellsize     2.000000000000
NODATA_value  -9999
[rows 62 to 92 of 235, columns 280 to 349 of 476]
15.64 17.88 17.88 17.75 17.75 17.39 17.39 17.39 17.21 17.21 17.21 17.10 17.10 16.99 16.99 16.99 16.99 16.91 16.91 16.84 16.84 16.84 16.84 16.84 16.84 16.84 16.84 16.84 16.80 16.80 16.80 16.77 16.77 16.77 16.77 16.77 16.77 16.77 16.77 16.77 16.77 16.77 16.78 16.78 16.76 16.76 16.76 16.76 16.76 16.76 16.76 16.76 16.76 16.76 16.76 16.76 16.76 16.76 16.76 16.76 16.76 16.76 16.76 16.76 16.75 16.75 16.75 16.75 16.75 16.75
15.64 17.88 17.88 17.88 17.75 17.39 17.39 17.39 17.39 17.10 17.10 17.10 17.10 16.99 16.99 16.99 16.99 16.99 16.99 16.84 16.84 16.84 16.84 16.84 16.84 16.84 16.84 16.84 16.84 16.80 16.77 16.77 16.77 16.77 16.77 16.78 16.78 16.78 16.78 16.78 16.78 16.78 16.78 16.77 16.77 16.77 16.76 16.76 16.76 16.76 16.76 16.76 16.76 16.76 16.76 16.76 16.76 16.76 16.76 16.76 16.76 16.76 16.76 16.76 16.76 16.75 16.75 16.75 16.75 16.75
15.64 17.88 17.88 17.88 17.57 17.31 17.31 17.31 17.31 17.13 17.10 17.10 17.10 16.99 16.99 16.99 16.99 16.99 17.00 16.91 16.85 16.85 16.85 16.85 16.85 16.85 16.85 16.85 16.85 16.85 16.78 16.78 16.78 16.78 16.78 16.78 16.78 16.78 16.78 16.78 16.78 16.78 16.78 16.77 16.77 16.77 16.77 16.76 16.76 16.76 16.76 16.76 16.76 16.76 16.76 16.76 16.76 16.76 16.76 16.76 16.76 16.76 16.76 16.76 16.76 16.75 16.75 16.75 16.75 16.75
18.09 17.57 17.57 17.57 17.57 17.49 17.31 17.31 17.13 17.13 17.13 17.10 17.10 16.99 16.99 17.00 17.00 17.00 17.00 16.91 16.91 16.91 16.85 16.85 16.85 16.85 16.85 16.85 16.82 16.82 16.82 16.78 16.78 16.78 16.78 16.78 16.78 16.78 16.78 16.78 16.78 16.78 16.77 16.77 16.77 16.77 16.77 16.77 16.77 16.76 16.76 16.76 16.76 16.76 16.76 16.76 16.76 16.76 16.76 16.76 16.76 16.76 16.76 16.76 16.76 16.75 16.75 16.75 16.75 16.75
18.09 17.95 17.57 17.57 17.57 17.49 17.49 17.31 17.13 17.13 17.13 17.13 17.13 17.00 17.00 17.00 17.00 17.00 16.91 16.91 16.91 16.91 16.91 16.85 16.85 16.85 16.82 16.82 16.82 16.82 16.82 16.82 16.78 16.78 16.78 16.78 16.78 16.78 16.78 16.78 16.78 16.78 16.77 16.77 16.77 16.77 16.77 16.77 16.77 16.77 16.76 16.76 16.76 16.76 16.76 16.76 16.76 16.76 16.76 16.76 16.76 16.76 16.76 16.76 16.76 16.75 16.75 16.75 16.75 16.75
17.95 17.95 17.95 17.57 17.57 17.49 17.49 17.49 17.43 17.43 17.43 17.43 17.64 17.27 17.27 17.00 17.00 17.00 16.91 16.91 16.91 16.91 16.91 16.91 17.01 16.82 16.82 16.82 16.82 16.82 16.82 16.82 16.82 16.78 16.78 16.78 16.78 16.78 16.78 16.78 16.78 16.77 16.77 16.77 16.77 16.77 16.77 16.77 16.77 16.77 16.77 16.77 16.76 16.76 16.76 16.76 16.76 16.76 16.76 16.76 16.76 16.76 16.76 16.76 16.76 16.75 16.75 16.75 16.75 16.75
17.95 17.95 17.95 17.95 17.57 17.49 17.49 17.92 17.92 17.43 17.43 17.64 17.64 17.64 17.27 17.27 17.27 17.27 17.01 17.01 17.01 17.01 17.01 17.01 16.96 16.82 16.82 16.82 16.82 16.82 16.82 16.82 16.82 16.82 16.78 16.78 16.78 16.78 16.78 16.78 16.77 16.77 16.77 16.77 16.77 16.77 16.77 16.77 16.77 16.77 16.77 16.77 16.77 16.76 16.76 16.76 16.76 16.76 16.76 16.76 16.76 16.76 16.76 16.76 16.76 16.75 16.75 16.75 16.75 16.75
18.95 17.95 17.95 17.95 17.57 17.92 17.92 17.92 17.92 17.43 17.43 17.64 17.64 17.64 17.27 17.27 17.27 17.63 17.01 17.01 17.01 17.01 17.01 16.96 16.86 16.86 16.82 16.82 16.82 16.82 16.82 16.82 16.82 16.82 16.82 16.78 16.78 16.78 16.78 16.78 16.77 16.77 16.77 16.77 16.77 16.77 16.77 16.77 16.77 16.77 16.77 16.77 16.77 16.77 16.77 16.76 16.76 16.76 16.76 16.76 16.76 16.76 16.76 16.76 16.76 16.76 16.75 16.75 16.75 16.75
18.95 18.95 18.95 18.95 18.95 18.96 18.96 17.92 17.92 17.92 17.64 17.64 17.64 17.64 17.27 17.27 17.63 17.63 17.63 17.01 17.01 17.01 16.96 16.96 16.86 16.86 16.86 16.82 16.82 16.82 16.82 16.82 16.82 16.82 16.82 16.78 16.78 16.78 16.78 16.77 16.77 16.77 16.77 16.77 16.77 16.77 16.77 16.77 16.77 16.77 16.77 16.77 16.77 16.77 16.77 16.77 16.77 16.76 16.76 16.76 16.76 16.76 16.76 16.76 16.76 16.76 16.75 16.75 16.75 16.75
18.95 18.95 18.95 18.95 18.95 18.96 18.96 18.96 18.96 18.95 18.96 18.96 18.96 18.96 17.64 17.63 17.63 17.63 17.63 17.01 17.01 16.96 16.96 16.96 16.86 16.86 16.86 16.83 16.82 16.82 16.82 16.82 16.82 16.82 16.82 16.82 16.78 16.78 16.78 16.77 16.77 16.77 16.77 16.79 16.79 16.79 16.77 16.77 16.77 16.77 16.77 16.77 16.77 16.77 16.77 16.77 16.77 16.77 16.77 16.76 16.76 16.76 16.76 16.76 16.76 16.76 16.75 16.75 16.75 16.75
18.95 18.95 18.95 18.95 18.95 18.95 18.96 18.96 18.95 18.95 18.95 18.96 18.96 18.96 18.95 18.95 18.95 18.95 18.95 18.95 16.96 16.96 16.96 16.96 16.86 16.86 16.86 16.86 16.83 16.83 16.82 16.82 16.82 16.82 16.82 16.82 16.82 16.78 16.77 16.77 16.79 16.79 16.79 16.79 16.79 16.79 16.77 16.77 16.77 16.77 16.77 16.77 16.77 16.77 16.77 16.77 16.77 16.77 16.77 16.77 16.77 16.76 16.76 16.76 16.76 16.76 16.75 16.75 16.75 16.75
18.95 18.95 18.95 18.95 18.95 18.95 18.95 18.96 18.95 18.95 18.95 18.96 18.96 18.95 18.95 18.95 18.95 18.95 18.97 18.97 17.14 17.14 17.14 16.96 16.86 16.86 16.86 16.86 16.83 16.83 16.83 16.80 16.80 16.80 16.80 16.80 16.80 16.80 16.79 16.79 16.79 16.79 16.79 16.79 16.79 16.79 16.77 16.77 16.77 16.77 16.77 16.77 16.77 16.77 16.77 16.77 16.77 16.77 16.77 16.77 16.77 16.77 16.77 16.76 16.76 16.76 16.75 16.75 16.75 16.74
18.94 18.94 18.94 18.94 18.94 18.94 18.94 18.95 18.95 18.95 18.95 18.95 18.96 18.95 18.95 18.95 18.95 18.97 18.97 18.97 17.66 17.14 17.14 17.02 16.87 16.86 16.86 16.86 16.83 16.83 16.83 16.80 16.80 16.80 16.80 16.80 16.80 16.81 16.81 16.81 16.79 16.79 16.79 16.79 16.79 16.79 16.77 16.77 16.77 16.77 16.77 16.77 16.77 16.77 16.77 16.77 16.77 16.77 16.77 16.77 16.77 16.77 16.77 16.77 16.77 16.76 16.76 16.75 16.74 16.74
18.94 18.94 18.94 18.94 18.94 18.94 18.95 18.95 18.95 18.95 18.95 18.95 18.95 18.96 18.96 18.96 18.96 18.96 18.97 18.97 17.46 17.22 17.02 16.91 16.87 16.87 16.87 16.86 16.83 16.83 16.83 16.80 16.80 16.80 16.80 16.80 16.81 16.81 16.81 16.81 16.81 16.81 16.79 16.79 16.79 16.79 16.79 16.77 16.77 16.77 16.77 16.77 16.77 16.77 16.77 16.77 16.77 16.77 16.77 16.77 16.77 16.77 16.77 16.77 16.77 16.77 16.77 16.74 16.74 16.74
18.94 18.94 18.94 18.94 18.94 18.94 18.95 18.95 18.95 18.95 18.95 18.95 18.95 18.95 18.96 18.96 18.96 18.96 18.96 18.97 17.51 17.18 17.02 16.91 16.91 16.87 16.87 16.86 16.84 16.83 16.83 16.83 16.80 16.80 16.80 16.81 16.81 16.81 16.81 16.81 16.81 16.81 16.81 16.81 16.79 16.79 16.79 16.77 16.77 16.77 16.77 16.77 16.77 16.77 16.77 16.77 16.77 16.77 16.77 16.77 16.77 16.77 16.77 16.77 16.76 16.76 16.77 16.76 16.74 16.74
18.94 18.94 18.94 18.94 18.94 18.95 18.95 18.95 18.95 18.95 18.95 18.95 18.95 18.95 18.95 18.96 18.96 18.96 18.18 18.18 17.36 17.05 16.96 16.89 16.89 16.86 16.86 16.86 16.84 16.84 16.83 16.83 16.80 16.80 16.81 16.81 16.81 16.81 16.81 16.81 16.81 16.81 16.81 16.81 16.81 16.81 16.79 16.77 16.77 16.77 16.77 16.77 16.77 16.77 16.77 16.77 16.77 16.77 16.77 16.77 16.77 16.76 16.76 16.76 16.76 16.77 16.77 16.76 16.76 16.74
18.31 18.31 18.31 18.31 18.04 18.16 18.16 18.16 18.16 18.00 18.25 18.25 18.25 18.25 18.11 18.11 18.18 18.18 18.18 17.90 17.10 16.92 16.96 16.89 16.86 16.86 16.86 16.86 16.84 16.84 16.84 16.84 16.80 16.81 16.81 16.81 16.81 16.81 16.81 16.81 16.81 16.81 16.81 16.81 16.81 16.81 16.82 16.79 16.78 16.78 16.78 16.78 16.78 16.78 16.77 16.77 16.77 16.76 16.76 16.76 16.76 16.76 16.76 16.76 16.76 16.77 16.77 16.76 16.76 16.76
18.15 18.31 18.31 18.31 18.04 18.16 18.16 18.16 18.16 18.00 18.00 18.25 18.25 18.11 18.11 18.11 18.11 18.18 17.90 17.90 17.00 16.92 16.92 16.86 16.86 16.86 16.86 16.84 16.85 16.85 16.85 16.85 16.83 16.83 16.81 16.81 16.81 16.81 16.81 16.81 16.81 16.81 16.81 16.81 16.82 16.82 16.82 16.79 16.79 16.78 16.78 16.78 16.78 16.78 16.78 16.78 16.78 16.77 16.76 16.76 16.76 16.76 16.76 16.76 16.77 16.77 16.77 16.76 16.76 16.76
18.15 18.15 18.31 18.31 18.04 18.04 18.16 18.16 18.16 18.00 18.00 18.00 18.25 18.11 18.11 17.77 17.77 17.79 17.90 17.90 17.00 16.92 16.87 16.87 16.86 16.86 16.84 16.84 16.85 16.85 16.85 16.83 16.83 16.83 16.83 16.83 16.81 16.81 16.81 16.81 16.81 16.81 16.82 16.82 16.82 16.82 16.82 16.79 16.79 16.78 16.78 16.78 16.78 16.78 16.78 16.78 16.78 16.77 16.77 16.76 16.76 16.76 16.76 16.77 16.77 16.77 16.77 16.76 16.76 16.76
18.15 18.15 18.15 18.04 18.04 18.04 18.04 18.16 18.00 18.00 18.00 17.76 17.76 17.77 17.77 17.77 17.77 17.79 17.79 17.79 16.92 16.87 16.87 16.87 16.87 16.84 16.84 16.84 16.85 16.85 16.83 16.83 16.83 16.83 16.83 16.83 16.83 16.83 16.81 16.81 16.81 16.82 16.82 16.82 16.82 16.82 16.82 16.79 16.79 16.79 16.78 16.78 16.78 16.78 16.78 16.78 16.78 16.77 16.77 16.77 16.77 16.76 16.76 16.77 16.77 16.77 16.77 16.76 16.76 16.76
17.97 17.97 17.97 17.84 17.84 17.84 18.04 18.16 17.76 17.76 17.76 17.76 17.76 17.76 17.76 17.77 17.77 17.79 17.79 17.82 16.87 16.87 16.87 16.87 16.87 16.84 16.84 16.84 16.84 16.83 16.83 16.83 16.83 16.83 16.83 16.83 16.83 16.83 16.89 16.89 16.85 16.82 16.82 16.82 16.82 16.82 16.82 16.79 16.79 16.79 16.79 16.78 16.78 16.78 16.78 16.78 16.78 16.77 16.77 16.77 16.77 16.77 16.76 16.76 16.77 16.77 16.77 16.76 16.76 16.76
17.97 17.97 17.97 17.84 17.84 17.84 17.84 17.89 17.82 17.76 17.76 17.76 17.76 17.76 17.76 17.76 17.77 17.82 17.82 17.82 16.87 16.87 16.87 16.87 16.87 16.84 16.84 16.86 16.86 16.86 16.86 16.83 16.83 16.83 16.83 16.89 16.89 16.89 16.89 16.89 16.85 16.85 16.85 16.82 16.82 16.82 16.79 16.79 16.79 16.79 16.79 16.79 16.78 16.78 16.78 16.78 16.78 16.77 16.77 16.78 16.78 16.78 16.78 16.76 16.76 16.76 16.76 16.77 16.76 16.76
18.05 17.97 17.97 17.84 17.84 17.89 17.89 17.89 17.82 17.82 17.82 17.76 17.76 17.76 17.86 17.86 17.85 17.82 17.82 17.82 16.87 16.87 16.87 16.87 16.87 16.86 16.86 16.86 16.86 16.86 16.86 16.86 16.87 16.89 16.89 16.89 16.89 16.89 16.89 16.89 16.85 16.85 16.85 16.85 16.85 16.85 16.79 16.82 16.82 16.82 16.82 16.82 16.83 16.80 16.80 16.80 16.80 16.80 16.78 16.78 16.78 16.78 16.78 16.76 16.76 16.76 16.76 16.77 16.76 16.76
18.05 18.05 17.97 17.89 17.89 17.89 17.89 17.89 17.82 17.82 17.82 17.82 17.86 17.86 17.86 17.86 17.85 17.85 17.85 17.82 16.87 16.87 16.87 16.87 16.87 16.86 16.86 16.86 16.86 16.86 16.86 16.87 16.89 16.89 16.89 16.89 16.89 16.89 16.89 16.89 16.89 16.85 16.85 16.85 16.85 16.88 16.88 16.82 16.82 16.82 16.82 16.83 16.83 16.80 16.80 16.80 16.80 16.80 16.78 16.78 16.78 16.78 16.78 16.78 16.76 16.76 16.77 16.77 16.77 16.76
18.05 18.05 17.96 17.93 17.89 17.89 17.89 17.89 17.82 17.82 17.84 17.84 17.86 17.86 17.86 17.86 17.85 17.85 17.85 17.85 16.87 16.87 16.87 16.87 16.87 16.86 16.86 16.86 16.86 16.87 16.87 16.87 16.89 16.89 16.89 16.89 16.89 16.89 16.89 16.89 16.89 16.85 16.85 16.88 16.88 16.88 16.88 16.88 16.82 16.82 16.82 16.83 16.83 16.83 16.80 16.80 16.80 16.80 16.80 16.78 16.78 16.78 16.78 16.78 16.76 16.76 16.77 16.77 16.77 16.76
18.05 17.96 17.96 17.93 17.93 17.93 17.89 17.89 17.82 17.84 17.84 17.84 17.86 17.86 17.86 17.86 17.85 17.85 17.86 17.86 16.88 16.88 16.87 16.87 16.87 16.86 16.86 16.86 16.92 16.93 16.87 16.87 16.89 16.89 16.89 16.96 17.10 16.97 16.97 16.97 16.97 16.95 16.88 16.88 16.88 16.88 16.88 16.88 16.88 16.82 16.82 16.83 16.83 16.83 16.80 16.80 16.80 16.80 16.80 16.78 16.78 16.78 16.78 16.78 16.78 16.77 16.77 16.77 16.77 16.77
17.96 17.96 17.96 17.93 17.93 17.93 17.93 17.91 17.85 17.84 17.84 17.84 17.86 17.86 17.87 17.87 17.86 17.86 17.86 17.86 16.88 16.88 16.88 16.88 16.87 16.91 16.91 16.91 16.92 16.93 16.93 17.01 16.96 16.96 16.96 17.08 17.10 17.10 16.97 16.97 16.97 17.03 16.95 16.88 16.88 16.88 16.88 16.88 16.88 16.82 16.83 16.83 16.83 16.83 16.83 16.80 16.80 17.89 17.89 17.89 17.88 17.88 17.88 17.88 17.88 17.87 17.87 17.87 17.87 17.86
17.96 17.96 17.96 17.93 17.91 17.91 17.91 17.88 17.88 17.85 17.85 17.85 17.88 17.87 17.87 17.87 17.86 17.86 17.86 17.86 17.86 16.88 16.88 16.88 16.89 16.93 16.91 16.91 16.92 16.92 16.93 17.01 17.01 16.96 17.08 17.08 17.10 17.10 16.97 16.97 17.03 17.03 16.95 16.95 16.95 17.90 17.90 17.90 17.90 17.90 17.89 17.89 17.89 17.89 17.89 17.89 17.89 17.89 17.89 17.89 17.89 17.88 17.88 17.88 17.88 17.88 17.87 17.87 17.86 17.86
17.94 17.94 17.94 17.92 17.91 17.91 17.91 17.88 17.88 17.85 17.85 17.85 17.88 17.88 17.87 17.87 17.86 17.86 17.86 17.86 17.86 16.88 16.88 16.89 16.89 16.93 16.93 16.91 16.92 16.92 16.93 17.01 17.09 17.09 17.08 17.08 17.10 17.10 17.10 17.03 17.03 17.03 16.95 16.95 17.04 17.88 17.90 17.90 17.90 17.90 17.90 17.89 17.89 17.89 17.89 17.89 17.89 17.89 17.89 17.89 17.89 17.89 17.88 17.88 17.88 17.88 17.87 17.87 17.86 17.86
17.94 17.94 17.92 17.92 17.91 17.91 17.88 17.88 17.88 17.88 17.85 17.88 17.88 17.88 17.88 17.87 17.86 17.86 17.86 17.86 17.86 16.89 16.89 16.89 16.89 16.93 16.93 17.01 17.01 17.01 17.12 17.09 17.09 17.25 17.25 17.08 17.10 17.10 17.31 17.21 17.21 17.03 16.95 17.04 17.04 17.88 17.88 17.90 17.90 17.90 17.90 17.90 17.89 17.89 17.89 17.89 17.89 17.89 17.89 17.89 17.89 17.89 17.89 17.88 17.88 17.88 17.87 17.86 17.86 17.86
17.94 17.92 17.92 17.92 17.92 17.91 17.88 17.88 17.88 17.88 17.88 17.88 16.87 16.87 16.87 16.88 16.89 16.89 16.89 16.89 16.90 16.92 16.89 16.89 16.89 16.93 17.01 17.01 17.01 17.01 17.12 17.12 17.09 17.25 17.25 17.25 17.68 17.31 17.31 17.21 17.21 17.21 17.32 17.04 17.04 17.88 17.88 17.88 17.90 17.90 17.90 17.94 17.94 17.92 17.92 17.89 17.89 17.89 17.89 17.89 17.89 17.89 17.89 17.88 17.88 17.88 17.87 17.87 17.87 17.87
