data/temperature42.txt
ncols        476
nrows        235
xllcorner    669276.363999999943
yllcorner    6860008.923999999650
cellsize     2.000000000000
NODATA_value  -9999
[rows 62 to 92 of 235, columns 210 to 279 of 476]
18.55 18.55 18.98 18.98 18.98 18.63 18.63 18.64 18.64 18.64 18.64 18.63 18.63 19.06 18.63 18.63 18.63 18.63 19.04 18.62 18.62 18.62 18.62 19.05 18.64 18.64 18.54 18.54 18.78 18.78 18.49 18.49 18.49 18.71 18.71 18.46 18.46 18.46 18.70 18.70 18.45 18.45 18.45 18.67 18.42 18.42 18.42 15.67 15.67 15.67 15.67 15.67 15.67 15.66 15.66 15.66 15.66 15.66 15.66 15.66 15.66 15.66 15.66 15.65 15.65 15.65 15.65 15.65 15.65 15.64
18.84 18.55 18.98 18.98 18.98 18.98 18.64 19.06 19.06 19.06 18.64 18.63 19.06 19.06 19.06 18.63 18.63 19.04 19.04 19.04 18.62 18.62 19.05 19.05 19.05 18.64 18.54 18.78 18.78 18.78 18.78 18.49 18.71 18.71 18.71 18.46 18.46 18.70 18.70 18.70 18.45 18.45 18.45 18.67 18.42 18.42 18.42 18.42 18.65 18.39 18.39 18.39 18.39 18.37 18.37 18.37 15.66 15.66 15.66 15.66 15.66 15.66 15.65 15.65 15.65 15.65 15.65 15.65 15.65 15.65
18.98 18.98 19.00 19.00 19.00 19.00 18.98 18.98 18.98 18.98 18.98 19.00 19.00 19.00 19.06 19.06 19.04 19.04 19.04 19.04 19.04 19.05 19.05 19.05 19.05 19.05 18.78 18.78 18.78 18.78 18.78 18.71 18.71 18.71 18.71 18.46 18.46 18.70 18.70 18.70 18.45 18.45 18.67 18.67 18.67 18.42 18.42 18.65 18.65 18.39 18.39 18.39 18.65 18.65 18.37 18.37 18.37 18.62 18.35 18.35 18.35 18.35 18.32 18.32 18.32 15.65 15.65 15.65 15.65 15.65
18.98 18.98 19.00 19.00 19.00 19.00 18.98 18.98 18.98 18.98 18.98 18.98 19.00 19.00 19.00 18.96 18.96 18.97 18.97 18.97 18.97 18.97 18.97 18.97 18.97 18.97 18.97 18.97 18.97 18.97 18.96 18.97 18.97 18.97 18.97 18.71 18.70 18.70 18.70 18.70 18.45 18.67 18.67 18.67 18.67 18.42 18.65 18.65 18.65 18.65 18.39 18.65 18.65 18.65 18.37 18.37 18.62 18.62 18.35 18.35 18.35 18.60 18.60 18.32 18.32 18.32 18.43 18.09 18.09 18.09
18.98 18.98 18.98 19.00 19.00 18.98 18.98 18.98 18.98 18.98 18.98 18.98 19.00 19.00 18.96 18.96 18.96 18.96 18.97 18.97 18.97 18.97 18.97 18.97 18.97 18.97 18.97 18.97 18.97 18.97 18.96 18.97 18.97 18.97 18.97 18.96 18.96 18.96 18.96 18.96 18.96 18.96 18.96 18.96 18.96 18.65 18.65 18.65 18.65 18.65 18.39 18.65 18.65 18.65 18.65 18.37 18.62 18.62 18.62 18.35 18.35 18.60 18.60 18.32 18.32 18.32 18.43 18.43 18.09 18.09
18.98 18.98 18.98 19.00 18.98 18.98 18.98 18.98 18.98 18.98 18.98 18.98 19.00 18.96 18.96 18.96 18.96 18.96 18.96 18.97 18.97 18.97 18.97 18.97 18.97 18.97 18.97 18.97 18.97 18.96 18.96 18.96 18.97 18.97 18.96 18.96 18.96 18.96 18.96 18.96 18.96 18.96 18.96 18.96 18.96 18.95 18.97 18.97 18.97 18.97 18.95 18.95 18.95 18.95 18.95 18.62 18.62 18.62 18.62 18.62 18.60 18.60 18.60 18.60 18.32 18.43 18.43 18.43 18.09 18.09
18.98 18.98 18.91 18.91 18.91 18.98 18.98 18.98 18.98 18.98 18.98 18.98 18.96 18.96 18.96 18.96 18.96 18.96 18.96 18.96 18.97 18.97 18.97 18.97 18.97 18.97 18.97 18.97 18.92 18.96 18.96 18.96 18.97 18.97 18.96 18.96 18.96 18.96 18.96 18.96 18.96 18.96 18.96 18.96 18.95 18.95 18.95 18.97 18.95 18.95 18.95 18.95 18.95 18.95 18.93 18.93 18.93 18.93 18.93 18.93 18.94 18.94 18.94 18.94 18.94 18.43 18.43 18.43 18.43 18.09
18.91 18.91 18.91 18.91 18.91 18.91 18.91 18.91 18.91 18.91 18.91 18.91 18.91 18.91 18.96 18.96 18.96 18.96 18.91 18.91 18.91 18.91 18.91 18.91 18.92 18.92 18.92 18.92 18.92 18.92 18.92 18.92 18.96 18.96 18.96 18.92 18.92 18.92 18.92 18.92 18.96 18.96 18.96 18.95 18.95 18.95 18.95 18.93 18.95 18.95 18.95 18.95 18.95 18.93 18.93 18.93 18.93 18.93 18.93 18.93 18.93 18.94 18.94 18.94 18.94 18.95 18.95 18.95 18.95 18.95
18.90 18.91 18.91 18.91 18.91 18.91 18.90 18.90 18.91 18.91 18.91 18.91 18.91 18.91 18.91 18.91 18.91 18.91 18.91 18.91 18.91 18.91 18.91 18.91 18.91 18.91 18.92 18.92 18.92 18.92 18.92 18.92 18.91 18.91 18.92 18.92 18.92 18.92 18.92 18.92 18.92 18.92 18.95 18.93 18.93 18.93 18.93 18.93 18.93 18.93 18.95 18.95 18.93 18.93 18.93 18.93 18.93 18.93 18.93 18.93 18.93 18.94 18.94 18.94 18.94 18.94 18.95 18.95 18.95 18.95
18.90 18.90 18.91 18.91 18.91 18.90 18.90 18.90 18.91 18.91 18.91 18.91 18.91 18.91 18.90 18.90 18.91 18.91 18.91 18.91 18.91 18.91 18.91 18.91 18.91 18.91 18.91 18.92 18.92 18.92 18.91 18.91 18.91 18.91 18.91 18.92 18.92 18.92 18.92 18.92 18.92 18.92 18.92 18.92 18.93 18.93 18.93 18.93 18.93 18.93 18.93 18.92 18.93 18.93 18.93 18.93 18.93 18.93 18.93 18.93 18.93 18.93 18.94 18.94 18.94 18.94 18.95 18.95 18.95 18.95
18.90 18.90 18.90 18.90 18.90 18.90 18.90 18.90 18.91 18.91 18.91 18.91 18.91 18.90 18.90 18.90 18.91 18.91 18.91 18.91 18.91 18.91 18.91 18.91 18.91 18.91 18.91 18.91 18.91 18.91 18.91 18.91 18.91 18.91 18.91 18.91 18.91 18.92 18.92 18.92 18.92 18.92 18.92 18.92 18.92 18.92 18.93 18.93 18.92 18.92 18.92 18.93 18.93 18.93 18.93 18.93 18.93 18.93 18.93 18.93 18.93 18.93 18.94 18.94 18.94 18.94 18.94 18.95 18.95 18.95
18.90 18.89 18.89 18.90 18.90 18.90 18.90 18.90 18.91 18.91 18.91 18.90 18.90 18.90 18.90 18.90 18.91 18.91 18.91 18.91 18.91 18.91 18.91 18.91 18.91 18.91 18.91 18.91 18.91 18.91 18.91 18.91 18.91 18.91 18.91 18.91 18.91 18.92 18.92 18.92 18.92 18.92 18.92 18.92 18.92 18.92 18.92 18.92 18.92 18.92 18.92 18.93 18.93 18.93 18.93 18.93 18.92 18.93 18.93 18.93 18.93 18.93 18.93 18.94 18.94 18.94 18.94 18.95 18.95 18.95
18.89 18.89 18.89 18.90 18.90 18.90 18.90 18.90 18.91 18.90 18.90 18.90 18.90 18.90 18.90 18.90 18.91 18.91 18.91 18.91 18.91 18.91 18.91 18.91 18.91 18.91 18.91 18.91 18.91 18.91 18.91 18.91 18.91 18.91 18.91 18.91 18.91 18.92 18.92 18.92 18.92 18.92 18.92 18.92 18.92 18.92 18.92 18.92 18.92 18.92 18.92 18.93 18.93 18.93 18.92 18.92 18.92 18.93 18.93 18.93 18.93 18.93 18.93 18.93 18.93 18.93 18.93 18.94 18.94 18.94
18.89 18.89 18.89 18.90 18.90 18.90 18.90 18.90 18.90 18.90 18.90 18.90 18.90 18.90 18.90 18.90 18.91 18.91 18.91 18.91 18.91 18.91 18.91 18.92 18.92 18.92 18.91 18.91 18.91 18.91 18.91 18.91 18.93 18.91 18.91 18.91 18.91 18.92 18.92 18.92 18.92 18.92 18.92 18.92 18.92 18.92 18.92 18.92 18.92 18.92 18.92 18.92 18.92 18.92 18.92 18.92 18.92 18.92 18.93 18.93 18.93 18.93 18.93 18.93 18.93 18.93 18.94 18.94 18.94 18.94
18.89 18.89 18.89 18.90 18.89 18.89 18.89 18.89 18.90 18.90 18.90 18.90 18.90 18.90 18.90 18.90 18.91 18.91 18.91 18.91 18.91 18.92 18.92 18.92 18.92 18.92 18.92 18.92 18.92 18.92 18.92 18.92 18.93 18.93 18.93 18.93 18.91 18.92 18.93 18.93 18.93 18.93 18.94 18.94 18.94 18.94 18.92 18.92 18.91 18.91 18.91 18.91 18.92 18.92 18.92 18.92 18.92 18.92 18.93 18.93 18.93 18.93 18.93 18.93 18.93 18.93 18.94 18.94 18.94 18.94
18.89 18.89 18.89 18.89 18.89 18.89 18.89 18.89 18.90 18.90 18.90 18.90 18.90 18.90 18.90 18.90 18.91 18.91 18.91 18.91 18.91 18.92 18.92 18.92 18.92 18.92 18.92 18.93 18.93 18.92 18.92 18.93 18.93 18.93 18.93 18.93 18.94 18.93 18.93 18.93 18.93 18.93 18.93 18.94 18.94 18.94 18.97 18.91 18.91 18.91 18.91 18.91 18.91 18.92 18.92 18.92 18.92 18.92 18.92 18.93 18.93 18.93 18.93 18.93 18.93 18.94 18.94 18.94 18.94 18.94
18.89 18.89 18.89 18.89 18.89 18.89 18.89 18.89 18.89 18.90 18.90 18.90 18.90 18.90 18.90 18.91 18.91 18.91 18.91 18.91 18.91 18.91 18.92 18.92 18.92 18.92 18.93 18.93 18.93 18.92 18.93 18.93 18.93 18.93 18.93 18.94 18.94 18.94 18.93 18.93 18.93 18.93 18.93 18.93 18.94 18.97 18.97 18.97 18.97 18.91 18.91 18.91 18.91 18.91 18.92 18.92 18.92 18.92 18.92 18.93 18.93 18.93 18.93 18.93 18.93 18.94 18.94 18.49 18.49 18.29
18.89 18.89 18.89 18.89 18.89 18.89 18.89 18.89 18.89 18.90 18.90 18.90 18.90 18.90 18.90 18.91 18.91 18.91 18.91 18.91 18.91 18.91 18.91 18.92 18.92 18.93 18.93 18.93 18.93 18.92 18.93 18.93 18.93 18.93 18.93 18.94 18.94 18.94 18.94 18.93 18.93 18.93 18.93 18.93 18.97 18.97 18.86 18.86 18.86 18.86 18.66 18.83 18.83 18.83 18.83 18.67 18.67 18.80 18.80 18.66 18.63 18.63 18.68 18.48 18.48 18.16 18.29 18.49 18.29 18.15
18.28 18.68 18.68 18.68 18.68 18.81 18.89 18.89 18.89 18.90 18.90 18.90 18.90 18.90 18.91 18.91 18.91 18.91 18.91 18.91 18.91 18.91 18.91 18.91 18.93 19.04 19.04 19.04 18.97 18.97 18.97 18.97 18.78 18.94 18.94 18.94 18.77 18.76 18.92 18.92 18.76 18.76 18.74 18.74 18.72 18.72 18.70 18.70 18.64 18.66 18.66 18.66 18.66 18.61 18.66 18.66 18.67 18.64 18.64 18.66 18.63 18.57 18.57 18.57 18.48 18.14 18.25 18.22 18.29 18.15
18.28 18.28 18.68 18.43 18.43 18.47 18.81 18.81 18.64 18.70 18.70 18.94 18.94 18.79 18.81 19.04 19.04 18.86 18.86 18.84 19.06 18.85 18.85 18.84 18.84 18.84 18.83 18.83 18.81 18.81 18.75 18.79 18.78 18.78 18.72 18.72 18.77 18.76 18.71 18.71 18.71 18.76 18.68 18.68 18.68 18.68 18.70 18.64 18.64 18.94 18.94 18.94 18.94 18.94 18.94 18.94 18.94 18.94 18.94 18.94 18.95 18.95 18.95 18.95 18.95 18.50 18.36 18.23 18.22 18.15
18.28 18.42 18.42 18.43 18.47 18.47 18.54 18.54 18.64 18.70 18.70 18.66 18.66 18.79 18.81 18.79 18.79 18.79 18.86 18.80 18.80 18.80 18.80 18.84 18.77 18.77 18.92 18.92 18.92 18.92 18.92 18.92 18.92 18.93 18.93 18.93 18.93 18.93 18.93 18.93 18.93 18.93 18.93 18.93 18.93 18.93 18.94 18.94 18.94 18.94 18.94 18.94 18.94 18.94 18.94 18.94 18.94 18.94 18.94 18.95 18.95 18.95 18.95 18.95 18.96 18.50 18.50 18.20 18.20 17.97
18.42 18.42 18.42 18.42 18.54 18.54 18.91 18.91 18.91 18.91 18.91 18.91 18.91 18.91 18.91 18.91 18.91 18.91 18.92 18.92 18.92 18.92 18.92 18.92 18.92 18.92 18.92 18.92 18.92 18.92 18.92 18.92 18.92 18.93 18.93 18.93 18.93 18.93 18.93 18.93 18.93 18.93 18.93 18.93 18.93 18.93 18.94 18.94 18.94 18.94 18.94 18.94 18.94 18.94 18.94 18.94 18.94 18.94 18.95 18.95 18.95 18.95 18.95 18.95 18.96 18.50 18.38 18.20 18.20 18.05
18.90 18.90 18.90 18.90 18.91 18.91 18.91 18.91 18.91 18.91 18.91 18.91 18.91 18.91 18.91 18.91 18.91 18.91 18.92 18.92 18.92 18.92 18.92 18.92 18.92 18.92 18.92 18.92 18.92 18.92 18.92 18.92 18.92 18.92 18.93 18.93 18.93 18.93 18.93 18.93 18.93 18.93 18.93 18.93 18.93 18.93 18.94 18.94 18.94 18.94 18.94 18.94 18.94 18.94 18.94 18.94 18.94 18.95 18.95 18.95 18.95 18.95 18.95 18.95 18.95 18.96 18.38 18.38 18.20 18.05
18.90 18.90 18.90 18.91 18.91 18.91 18.91 18.91 18.91 18.91 18.91 18.91 18.91 18.91 18.91 18.91 18.91 18.91 18.92 18.92 18.92 18.92 18.92 18.92 18.92 18.92 18.92 18.92 18.92 18.92 18.92 18.92 18.92 18.92 18.93 18.93 18.93 18.93 18.93 18.93 18.93 18.93 18.93 18.93 18.93 18.94 18.94 18.94 18.93 18.94 18.94 18.94 18.94 18.94 18.94 18.94 18.94 18.94 18.94 18.94 18.95 18.95 18.95 18.95 18.96 18.96 18.45 18.45 18.05 18.05
18.91 18.90 18.90 18.91 18.91 18.91 18.91 18.91 18.91 18.91 18.91 18.91 18.91 18.91 18.91 18.91 18.91 18.92 18.92 18.92 18.92 18.92 18.92 18.92 18.92 18.92 18.92 18.92 18.92 18.92 18.92 18.93 18.93 18.92 18.92 18.93 18.93 18.93 18.93 18.93 18.93 18.93 18.93 18.93 18.93 18.93 18.93 18.93 18.93 18.94 18.94 18.94 18.94 18.94 18.94 18.94 18.94 18.94 18.94 18.94 18.95 18.95 18.95 18.95 18.96 18.96 18.45 18.25 18.25 18.05
18.91 18.91 18.91 18.91 18.91 18.91 18.91 18.91 18.91 18.91 18.91 18.91 18.91 18.91 18.91 18.91 18.91 18.92 18.92 18.92 18.92 18.92 18.92 18.92 18.92 18.92 18.92 18.92 18.92 18.92 18.92 18.93 18.93 18.93 18.93 18.93 18.93 18.93 18.93 18.93 18.93 18.93 18.93 18.93 18.93 18.94 18.94 18.93 18.93 18.94 18.94 18.94 18.94 18.94 18.94 18.94 18.94 18.94 18.94 18.95 18.95 18.95 18.95 18.95 18.95 18.96 18.25 18.25 18.25 18.05
18.91 18.91 18.91 18.91 18.91 18.91 18.91 18.91 18.91 18.91 18.91 18.91 18.91 18.91 18.91 18.91 18.91 18.92 18.92 18.92 18.92 18.92 18.92 18.92 18.92 18.92 18.92 18.92 18.92 18.92 18.92 18.93 18.93 18.93 18.93 18.93 18.93 18.93 18.93 18.93 18.93 18.93 18.93 18.93 18.93 18.94 18.94 18.94 18.94 18.94 18.94 18.94 18.94 18.94 18.94 18.94 18.94 18.94 18.95 18.95 18.95 18.95 18.95 18.96 18.96 18.96 18.30 18.25 18.25 18.05
18.91 18.91 18.91 18.91 18.91 18.91 18.91 18.91 18.91 18.91 18.91 18.91 18.91 18.91 18.91 18.91 18.92 18.92 18.92 18.92 18.92 18.92 18.92 18.92 18.92 18.92 18.92 18.92 18.92 18.92 18.92 18.93 18.93 18.93 18.93 18.93 18.93 18.93 18.93 18.93 18.93 18.93 18.93 18.93 18.93 18.93 18.94 18.94 18.94 18.94 18.94 18.94 18.94 18.94 18.94 18.94 18.94 18.94 18.95 18.95 18.95 18.95 18.96 18.96 18.96 18.96 18.46 18.30 18.30 17.94
18.91 18.91 18.91 18.91 18.91 18.91 18.91 18.91 18.91 18.91 18.91 18.91 18.91 18.91 18.91 18.91 18.92 18.92 18.92 18.92 18.92 18.92 18.92 18.92 18.92 18.92 18.92 18.92 18.92 18.92 18.93 18.93 18.93 18.93 18.93 18.93 18.93 18.93 18.93 18.93 18.93 18.93 18.93 18.93 18.93 18.93 18.94 18.94 18.94 18.94 18.94 18.94 18.94 18.94 18.94 18.94 18.94 18.95 18.95 18.95 18.95 18.95 18.96 18.96 18.96 18.96 18.46 18.12 18.12 17.98
18.91 18.91 18.91 18.91 18.91 18.91 18.91 18.91 18.91 18.91 18.91 18.92 18.92 18.91 18.91 18.91 18.92 18.92 18.92 18.92 18.92 18.92 18.92 18.92 18.92 18.92 18.92 18.92 18.92 18.92 18.93 18.93 18.93 18.93 18.93 18.93 18.93 18.93 18.93 18.93 18.93 18.93 18.93 18.93 18.93 18.93 18.93 18.94 18.94 18.94 18.94 18.94 18.94 18.94 18.94 18.94 18.94 18.95 18.95 18.95 18.95 18.96 18.96 18.96 18.96 18.96 18.15 18.08 17.98 17.98
18.91 18.91 18.91 18.91 18.91 18.91 18.91 18.91 18.91 18.91 18.91 18.92 18.92 18.92 18.91 18.92 18.92 18.92 18.92 18.92 18.92 18.92 18.92 18.92 18.92 18.92 18.92 18.92 18.92 18.93 18.93 18.93 18.93 18.93 18.93 18.93 18.93 18.93 18.93 18.93 18.93 18.93 18.93 18.50 18.50 18.50 18.50 18.50 18.36 18.51 18.51 18.51 18.37 18.36 18.58 18.58 18.58 18.41 18.41 18.55 18.55 18.38 18.38 17.83 17.73 18.33 17.81 17.84 17.84 17.98
